1166111611. 36. *m

ὥι111111116161111116116111116661111116 113161616116- 1
,16111 613116 116 166116 16116,616631661,1611166 161166

36336313116166366331,115631ω666χ1336ἕ633ῗῆὲέξὲ ·’
er 111111 11 611 1·611.·

11116111161136116111161111611ᾞ 1161611611 111161 111111111611116 ·
1661616661136161611666611111,236116,11111133,5.] 11611
6161161111.1116116116116166 zur 16161616663 1166 ,1161611611611
11116111 11616161 116166111361 6113116111 66111661 1161116 1116161666
1166166111, wie I, 60 616113111336 qm· 1111 super 61161 6161111161,
111, 6611. 31166- alia 16361 111111 es 11111111, 11. 68111. 16311 m 1116-
31 ’1.“ 61113 ‚IIII-1³ 116111. 1961611114
111111,86111.,11.2616111111., 111111111,11661.,111. 8111, '’‚XXXIV
40 111611,111111146111.1 (161661366611116116111666613111116 111311-
mr V1,10 6111.·,11,516., XXV, 2216, XXXIX, 4316611.)

[6611661661] 6616161611161116 1111 1116111636 611·
1666166861161116113 ,,11111161166,1166111116,ι 1661111111,24,’16166-
161 116 1161161661,111111161616611,111161 1166111116 lm· 1113611111 6611116-
1611, wo 116166611666111616111161611 1661111. 3616111111 161. And!
111 (166611161166 1611663161166 1616616636 3661 3161611116616111
1611 cadere, oder 6611611616, 16161616161611 1116 11113. ob 6636661161
111111, 1661 1161161166 16316161 61666 Ζιιι616616611616 6111616166
161161161116. 1161161166 1616661611, 1161 116111116666111616111
61131111,111166111611616116666,11611 116 1161111611 611 1161316116 or-
161166 11666166,1611116111 6111 1666166110613661163666116116111611,
1161111111 11611616, 363611 die 616 6661166661, zum FaIIen 1166116161
0116161661, 1161166. 1131. 1166111. ,1. 810, 3, 1161116111. 3 31111 ·
111.111111111,4216. AI 1616166166161111· plebis 6131131611 φ·
3611611, 6161111116 que 6611611116-·(111’366111”11111)661611111111.

[111 1166111161) So 1661 6116 codd. 0616161161 6116161111
1111611166 et 1611111166. Dutch die 166111 1161 1111116611. 61111111 die
3611161663 der Beschwerlichkeiten noch 616 6666111111,11111616
1666 die 1616113 1161 616161666161 1111166166 116666166161111116
durch die 11161 616 1666666661111161111611 1661111616 61161116311611611
1161 6111616116 1616611616111

116111 1111111) So 11661 man 6661111116111111161611611611 1
1611163, in einer 1161 1666166116611611. 111 dio 6161661161611
161116116611131161111 116111 1161111 111 111316 1136111161 116, 1161666 61-
11611 es 6161, 1116 16 11611 1111136166 codd. 1116 116116316166 11 111111 ⁴
11611 1661611 6616161111. 11161111 161116136161166111361661661114.«1131.Χ
XXXVIII, 20 16611611111161611111 a* 11 septentrione 6111161 11 mk
161 31361113631111111,2861611.11116111611611 36116111, 6 6116111111
1611 en 3

1136111111 1111111) 3611116161, 6111 11611161 61116 1163161. ·
131.111,311611.6616111611111111163661,-616111166111111111111111161
1111611111 66361116 16116111 3161161116 6164 1, 12 6111. qum» ’111136
1111161116 - 1611311611, 613611116631111116 1111 11131311ωά61 1611111111 31111
1116611111116 und wieder erd 6161 1116111111 611611 von 6616161 go*
1116613116 1161661161 663161116166, 1116 116 1161111161 111611· an
scheller 1161163613 361161111661166. 1131. IX, 31 mg 116 166

 

